mode2
      1.257180  3.211444 14.480823     0.000029    0.472413    0.166415  
      2.152697  1.660363 14.480823     0.413296   -0.238385    0.167446  
      0.361663  1.660363 14.480823    -0.413575   -0.238495    0.167724  
      1.257180  2.177390 13.018450     0.000014    0.000030   -0.487210  
      1.257180  2.177390 14.115230     0.000059    0.001294   -0.004622  
 
mode3
      1.257180  3.211444 14.480823    -0.501897   -0.002144    0.005953  
      2.152697  1.660363 14.480823     0.003106   -0.285356   -0.411518  
      0.361663  1.660363 14.480823    -0.004292    0.293998    0.405374  
      1.257180  2.177390 13.018450     0.496440   -0.006210    0.000042  
      1.257180  2.177390 14.115230     0.001573   -0.000081    0.000049  
 
mode4
      1.257180  3.211444 14.480823    -0.003385   -0.193956    0.418826  
      2.152697  1.660363 14.480823    -0.105057    0.202420    0.498810  
      0.361663  1.660363 14.480823     0.103447    0.205376    0.496711  
      1.257180  2.177390 13.018450    -0.003298    0.143787   -0.075684  
      1.257180  2.177390 14.115230     0.002356   -0.102889   -0.386684  
 
