 Eigenvectors and eigenvalues of the dynamical matrix
 ----------------------------------------------------
 
 
   1 f  =   91.183946 THz   572.925633 2PiTHz 3041.568966 cm-1   377.106626 meV
             X         Y         Z           dx          dy          dz
      1.257180  3.211444 14.480823     0.000089   -0.364231   -0.107466  
      2.152697  1.660363 14.480823    -0.176859    0.105399   -0.049164  
      0.361663  1.660363 14.480823     0.172210    0.102616   -0.047213  
      1.257180  2.177390 13.018450     0.000096    0.003323   -0.823736  
      1.257180  2.177390 14.115230     0.001284    0.044081    0.296765  
 
   2 f  =   91.123850 THz   572.548033 2PiTHz 3039.564353 cm-1   376.858085 meV
             X         Y         Z           dx          dy          dz
      1.257180  3.211444 14.480823     0.001803    0.685307    0.252972  
      2.152697  1.660363 14.480823    -0.396166    0.207441   -0.159272  
      0.361663  1.660363 14.480823     0.309739    0.155475   -0.122614  
      1.257180  2.177390 13.018450     0.001772   -0.021955   -0.123845  
      1.257180  2.177390 14.115230     0.023878   -0.295881    0.043880  
 
   3 f  =   91.089117 THz   572.329803 2PiTHz 3038.405803 cm-1   376.714443 meV
             X         Y         Z           dx          dy          dz
      1.257180  3.211444 14.480823    -0.022430    0.053280    0.019784  
      2.152697  1.660363 14.480823     0.512487   -0.310502    0.218203  
      0.361663  1.660363 14.480823     0.570108    0.340229   -0.241060  
      1.257180  2.177390 13.018450    -0.022287   -0.001723   -0.013548  
      1.257180  2.177390 14.115230    -0.299091   -0.023435    0.004783  
 
   4 f  =   88.345081 THz   555.088514 2PiTHz 2946.874604 cm-1   365.366017 meV
             X         Y         Z           dx          dy          dz
      1.257180  3.211444 14.480823     0.000029    0.472413    0.166415  
      2.152697  1.660363 14.480823     0.413296   -0.238385    0.167446  
      0.361663  1.660363 14.480823    -0.413575   -0.238495    0.167724  
      1.257180  2.177390 13.018450     0.000014    0.000030   -0.487210  
      1.257180  2.177390 14.115230     0.000059    0.001294   -0.004622  
 
   5 f  =   45.965969 THz   288.812700 2PiTHz 1533.259636 cm-1   190.100035 meV
             X         Y         Z           dx          dy          dz
      1.257180  3.211444 14.480823    -0.501897   -0.002144    0.005953  
      2.152697  1.660363 14.480823     0.003106   -0.285356   -0.411518  
      0.361663  1.660363 14.480823    -0.004292    0.293998    0.405374  
      1.257180  2.177390 13.018450     0.496440   -0.006210    0.000042  
      1.257180  2.177390 14.115230     0.001573   -0.000081    0.000049  
 
   6 f  =   45.908245 THz   288.450013 2PiTHz 1531.334185 cm-1   189.861310 meV
             X         Y         Z           dx          dy          dz
      1.257180  3.211444 14.480823    -0.006358    0.166811   -0.471019  
      2.152697  1.660363 14.480823    -0.289025   -0.338516    0.230264  
      0.361663  1.660363 14.480823     0.288976   -0.331112    0.240636  
      1.257180  2.177390 13.018450     0.006365    0.498031    0.000108  
      1.257180  2.177390 14.115230     0.000006    0.001146   -0.000068  
 
   7 f  =   39.546523 THz   248.478129 2PiTHz 1319.129960 cm-1   163.551329 meV
             X         Y         Z           dx          dy          dz
      1.257180  3.211444 14.480823    -0.003385   -0.193956    0.418826  
      2.152697  1.660363 14.480823    -0.105057    0.202420    0.498810  
      0.361663  1.660363 14.480823     0.103447    0.205376    0.496711  
      1.257180  2.177390 13.018450    -0.003298    0.143787   -0.075684  
      1.257180  2.177390 14.115230     0.002356   -0.102889   -0.386684  
 
   8 f  =   39.472712 THz   248.014367 2PiTHz 1316.667920 cm-1   163.246075 meV
             X         Y         Z           dx          dy          dz
      1.257180  3.211444 14.480823    -0.019725   -0.044615    0.320767  
      2.152697  1.660363 14.480823    -0.285225   -0.384997    0.033943  
      0.361663  1.660363 14.480823     0.275805   -0.367727    0.021694  
      1.257180  2.177390 13.018450    -0.019646   -0.540484   -0.020289  
      1.257180  2.177390 14.115230     0.014056    0.385315   -0.103212  
 
   9 f  =   39.463784 THz   247.958265 2PiTHz 1316.370088 cm-1   163.209149 meV
             X         Y         Z           dx          dy          dz
      1.257180  3.211444 14.480823     0.557039   -0.002761    0.013801  
      2.152697  1.660363 14.480823     0.123454    0.231551   -0.171512  
      0.361663  1.660363 14.480823     0.144492   -0.255599    0.179422  
      1.257180  2.177390 13.018450     0.560281   -0.018232   -0.001156  
      1.257180  2.177390 14.115230    -0.397975    0.012958   -0.005946  
 
  10 f  =    0.481868 THz     3.027665 2PiTHz   16.073379 cm-1     1.992846 meV
             X         Y         Z           dx          dy          dz
      1.257180  3.211444 14.480823     0.093869   -0.266296    0.034634  
      2.152697  1.660363 14.480823     0.039951   -0.296943   -0.171010  
      0.361663  1.660363 14.480823     0.039731   -0.234403   -0.111061  
      1.257180  2.177390 13.018450     0.008648   -0.100009   -0.082527  
      1.257180  2.177390 14.115230     0.158550   -0.779373   -0.285928  
 
  11 f  =    0.431674 THz     2.712287 2PiTHz   14.399092 cm-1     1.785261 meV
             X         Y         Z           dx          dy          dz
      1.257180  3.211444 14.480823    -0.351114   -0.052456    0.003242  
      2.152697  1.660363 14.480823    -0.246660    0.008415    0.078375  
      0.361663  1.660363 14.480823    -0.246712   -0.113131   -0.144013  
      1.257180  2.177390 13.018450    -0.099076   -0.018367   -0.020795  
      1.257180  2.177390 14.115230    -0.820675   -0.152364   -0.072034  
 
  12 f/i=    0.047699 THz     0.299700 2PiTHz    1.591056 cm-1     0.197266 meV
             X         Y         Z           dx          dy          dz
      1.257180  3.211444 14.480823    -0.002553    0.086333   -0.234308  
      2.152697  1.660363 14.480823     0.008066    0.092844   -0.233669  
      0.361663  1.660363 14.480823     0.008128    0.080572   -0.235782  
      1.257180  2.177390 13.018450     0.006292    0.087218   -0.234216  
      1.257180  2.177390 14.115230     0.017298    0.300865   -0.811714  
 
  13 f/i=    0.802772 THz     5.043963 2PiTHz   26.777578 cm-1     3.319998 meV
             X         Y         Z           dx          dy          dz
      1.257180  3.211444 14.480823     0.549759    0.011850   -0.002890  
      2.152697  1.660363 14.480823    -0.256406   -0.453351   -0.150423  
      0.361663  1.660363 14.480823    -0.256341    0.477138    0.152627  
      1.257180  2.177390 13.018450    -0.236549    0.008069   -0.000194  
      1.257180  2.177390 14.115230    -0.172018    0.037959   -0.000781  
 
  14 f/i=    2.244143 THz    14.100364 2PiTHz   74.856538 cm-1     9.281031 meV
             X         Y         Z           dx          dy          dz
      1.257180  3.211444 14.480823     0.049026   -0.028529    0.107323  
      2.152697  1.660363 14.480823    -0.238374   -0.195369    0.405382  
      0.361663  1.660363 14.480823    -0.238428    0.138565   -0.502255  
      1.257180  2.177390 13.018450     0.600399    0.118530    0.003369  
      1.257180  2.177390 14.115230     0.148797    0.028463    0.011817  
 
  15 f/i=    2.265043 THz    14.231682 2PiTHz   75.553686 cm-1     9.367467 meV
             X         Y         Z           dx          dy          dz
      1.257180  3.211444 14.480823    -0.011066   -0.148849    0.573012  
      2.152697  1.660363 14.480823     0.045507   -0.115000   -0.343317  
      0.361663  1.660363 14.480823     0.045763   -0.181005   -0.175084  
      1.257180  2.177390 13.018450    -0.111045    0.637369    0.017645  
      1.257180  2.177390 14.115230    -0.026611    0.165319    0.061519  
 
