   1 f  =   92.911319 THz   583.779033 2PiTHz 3099.187902 cm-1   384.250466 meV
             X         Y         Z           dx          dy          dz
      2.096215  1.000018  1.000009     0.598067   -0.007074    0.012532
      0.634641  2.033544  1.000001    -0.034220    0.048552    0.012353
      0.634569  0.483221  0.104937    -0.040337   -0.042662   -0.050235
      0.634575  0.483211  1.895061     0.236457    0.348454   -0.603533
      1.000009  1.000005  0.999992    -0.218966   -0.100117    0.181393

   2 f  =   92.877592 THz   583.567119 2PiTHz 3098.062885 cm-1   384.110981 meV
             X         Y         Z           dx          dy          dz
      2.096215  1.000018  1.000009     0.543080    0.012070   -0.009815
      0.634641  2.033544  1.000001     0.206148   -0.610029   -0.009508
      0.634569  0.483221  0.104937     0.073604    0.135546    0.203767
      0.634575  0.483211  1.895061    -0.137916   -0.164062    0.296551
      1.000009  1.000005  0.999992    -0.197412    0.180702   -0.138869

   3 f  =   92.848559 THz   583.384699 2PiTHz 3097.094447 cm-1   383.990910 meV
             X         Y         Z           dx          dy          dz
      2.096215  1.000018  1.000009     0.175439   -0.015248   -0.013599
      0.634641  2.033544  1.000001    -0.179416    0.481770   -0.013641
      0.634569  0.483221  0.104937     0.260552    0.360210    0.636025
      0.634575  0.483211  1.895061    -0.039584   -0.065081    0.073410
      1.000009  1.000005  0.999992    -0.062535   -0.219644   -0.197010

   4 f  =   89.886489 THz   564.773467 2PiTHz 2998.290445 cm-1   371.740771 meV
             X         Y         Z           dx          dy          dz
      2.096215  1.000018  1.000009     0.497710   -0.000343    0.000569
      0.634641  2.033544  1.000001    -0.163895    0.471197    0.000132
      0.634569  0.483221  0.104937    -0.168699   -0.239705   -0.415115
      0.634575  0.483211  1.895061    -0.163778   -0.232899    0.405071
      1.000009  1.000005  0.999992     0.000838    0.000589    0.003042

   5 f  =   45.384827 THz   285.161278 2PiTHz 1513.874830 cm-1   187.696625 meV
             X         Y         Z           dx          dy          dz
      2.096215  1.000018  1.000009     0.000036    0.173887    0.471612
      0.634641  2.033544  1.000001     0.161376    0.056263   -0.467873
      0.634569  0.483221  0.104937    -0.466998    0.157203    0.099581
      0.634575  0.483211  1.895061     0.300596   -0.382697   -0.098463
      1.000009  1.000005  0.999992     0.001195   -0.001137   -0.001450

   6 f  =   45.335630 THz   284.852162 2PiTHz 1512.233782 cm-1   187.493161 meV
             X         Y         Z           dx          dy          dz
      2.096215  1.000018  1.000009     0.000023   -0.475086    0.172664
      0.634641  2.033544  1.000001    -0.446866   -0.156999   -0.172416
      0.634569  0.483221  0.104937     0.079853    0.407967   -0.267973
      0.634575  0.483211  1.895061     0.360117    0.210528    0.267902
      1.000009  1.000005  0.999992     0.001665    0.003415   -0.000165

   7 f  =   38.552996 THz   242.235618 2PiTHz 1285.989482 cm-1   159.442432 meV
             X         Y         Z           dx          dy          dz
      2.096215  1.000018  1.000009     0.065438   -0.330997    0.061251
      0.634641  2.033544  1.000001    -0.503247   -0.150778    0.066815
      0.634569  0.483221  0.104937    -0.346957   -0.203168    0.302862
      0.634575  0.483211  1.895061    -0.308830   -0.144402   -0.271917
      1.000009  1.000005  0.999992     0.315335    0.238524   -0.045536

   8 f  =   38.530877 THz   242.096639 2PiTHz 1285.251665 cm-1   159.350955 meV
             X         Y         Z           dx          dy          dz
      2.096215  1.000018  1.000009     0.002478    0.125630    0.542142
      0.634641  2.033544  1.000001     0.029224   -0.009350    0.547297
      0.634569  0.483221  0.104937    -0.205695   -0.139641    0.076157
      0.634575  0.483211  1.895061     0.130183    0.338504    0.178846
      1.000009  1.000005  0.999992     0.012406   -0.090999   -0.387627

   9 f  =   38.484402 THz   241.804631 2PiTHz 1283.701444 cm-1   159.158752 meV
             X         Y         Z           dx          dy          dz
      2.096215  1.000018  1.000009     0.050363    0.425801   -0.113358
      0.634641  2.033544  1.000001    -0.146746   -0.131305   -0.110655
      0.634569  0.483221  0.104937    -0.338066    0.430267   -0.110686
      0.634575  0.483211  1.895061    -0.408207    0.333974    0.058750
      1.000009  1.000005  0.999992     0.243179   -0.305831    0.079537

